{
 "cells": [
  {
   "cell_type": "markdown",
   "metadata": {},
   "source": [
    "# Computing the state-value of $4\\times 4$ Gridworld, Example 4.1, page 76\n",
    "\n",
    "Here, we compute the state-value function via direct approach, not using DP based on optimality equations."
   ]
  },
  {
   "cell_type": "code",
   "execution_count": 119,
   "metadata": {},
   "outputs": [],
   "source": [
    "import numpy as np "
   ]
  },
  {
   "cell_type": "code",
   "execution_count": 120,
   "metadata": {},
   "outputs": [
    {
     "data": {
      "text/plain": [
       "array([[ 0,  0,  1,  2,  3,  0],\n",
       "       [ 0,  0,  1,  2,  3,  3],\n",
       "       [ 4,  4,  5,  6,  7,  7],\n",
       "       [ 8,  8,  9, 10, 11, 11],\n",
       "       [12, 12, 13, 14,  0,  0],\n",
       "       [ 0, 12, 13, 14,  0,  0]])"
      ]
     },
     "execution_count": 120,
     "metadata": {},
     "output_type": "execute_result"
    }
   ],
   "source": [
    "M = np.zeros((15,15))\n",
    "G = np.arange(16).reshape(4,4)\n",
    "G[3,3] = 0\n",
    "H = np.zeros((6,6))\n",
    "H[1:5,1:5] = G\n",
    "H[0] = H[1]\n",
    "H[5] = H[4]\n",
    "H[1:5, 0] = H[1:5, 1]\n",
    "H[1:5, 5] = H[1:5, 4]\n",
    "H = H.astype(int)\n",
    "H"
   ]
  },
  {
   "cell_type": "code",
   "execution_count": 121,
   "metadata": {},
   "outputs": [],
   "source": [
    "for i in range(1,5):\n",
    "    for j in range(1,5):\n",
    "\n",
    "        M[H[i,j],H[i+1,j]] += 1 \n",
    "        M[H[i,j],H[i-1,j]] += 1 \n",
    "        M[H[i,j],H[i,j+1]] += 1\n",
    "        M[H[i,j],H[i,j-1]] += 1"
   ]
  },
  {
   "cell_type": "code",
   "execution_count": 122,
   "metadata": {},
   "outputs": [
    {
     "data": {
      "text/plain": [
       "array([[4., 1., 0., 0., 1., 0., 0., 0., 0., 0., 0., 1., 0., 0., 1.],\n",
       "       [1., 1., 1., 0., 0., 1., 0., 0., 0., 0., 0., 0., 0., 0., 0.],\n",
       "       [0., 1., 1., 1., 0., 0., 1., 0., 0., 0., 0., 0., 0., 0., 0.],\n",
       "       [0., 0., 1., 2., 0., 0., 0., 1., 0., 0., 0., 0., 0., 0., 0.],\n",
       "       [1., 0., 0., 0., 1., 1., 0., 0., 1., 0., 0., 0., 0., 0., 0.],\n",
       "       [0., 1., 0., 0., 1., 0., 1., 0., 0., 1., 0., 0., 0., 0., 0.],\n",
       "       [0., 0., 1., 0., 0., 1., 0., 1., 0., 0., 1., 0., 0., 0., 0.],\n",
       "       [0., 0., 0., 1., 0., 0., 1., 1., 0., 0., 0., 1., 0., 0., 0.],\n",
       "       [0., 0., 0., 0., 1., 0., 0., 0., 1., 1., 0., 0., 1., 0., 0.],\n",
       "       [0., 0., 0., 0., 0., 1., 0., 0., 1., 0., 1., 0., 0., 1., 0.],\n",
       "       [0., 0., 0., 0., 0., 0., 1., 0., 0., 1., 0., 1., 0., 0., 1.],\n",
       "       [1., 0., 0., 0., 0., 0., 0., 1., 0., 0., 1., 1., 0., 0., 0.],\n",
       "       [0., 0., 0., 0., 0., 0., 0., 0., 1., 0., 0., 0., 2., 1., 0.],\n",
       "       [0., 0., 0., 0., 0., 0., 0., 0., 0., 1., 0., 0., 1., 1., 1.],\n",
       "       [1., 0., 0., 0., 0., 0., 0., 0., 0., 0., 1., 0., 0., 1., 1.]])"
      ]
     },
     "execution_count": 122,
     "metadata": {},
     "output_type": "execute_result"
    }
   ],
   "source": [
    "M"
   ]
  },
  {
   "cell_type": "code",
   "execution_count": 123,
   "metadata": {},
   "outputs": [],
   "source": [
    "M[0]*=0 \n",
    "M/=4"
   ]
  },
  {
   "cell_type": "code",
   "execution_count": 124,
   "metadata": {},
   "outputs": [
    {
     "data": {
      "text/plain": [
       "array([0., 1., 1., 1., 1., 1., 1., 1., 1., 1., 1., 1., 1., 1., 1.])"
      ]
     },
     "execution_count": 124,
     "metadata": {},
     "output_type": "execute_result"
    }
   ],
   "source": [
    "\n",
    "M.sum(axis = 1)"
   ]
  },
  {
   "cell_type": "code",
   "execution_count": 125,
   "metadata": {},
   "outputs": [
    {
     "data": {
      "text/plain": [
       "array([[0.  , 0.  , 0.  , 0.  , 0.  , 0.  , 0.  , 0.  , 0.  , 0.  , 0.  ,\n",
       "        0.  , 0.  , 0.  , 0.  ],\n",
       "       [0.25, 0.25, 0.25, 0.  , 0.  , 0.25, 0.  , 0.  , 0.  , 0.  , 0.  ,\n",
       "        0.  , 0.  , 0.  , 0.  ],\n",
       "       [0.  , 0.25, 0.25, 0.25, 0.  , 0.  , 0.25, 0.  , 0.  , 0.  , 0.  ,\n",
       "        0.  , 0.  , 0.  , 0.  ],\n",
       "       [0.  , 0.  , 0.25, 0.5 , 0.  , 0.  , 0.  , 0.25, 0.  , 0.  , 0.  ,\n",
       "        0.  , 0.  , 0.  , 0.  ],\n",
       "       [0.25, 0.  , 0.  , 0.  , 0.25, 0.25, 0.  , 0.  , 0.25, 0.  , 0.  ,\n",
       "        0.  , 0.  , 0.  , 0.  ],\n",
       "       [0.  , 0.25, 0.  , 0.  , 0.25, 0.  , 0.25, 0.  , 0.  , 0.25, 0.  ,\n",
       "        0.  , 0.  , 0.  , 0.  ],\n",
       "       [0.  , 0.  , 0.25, 0.  , 0.  , 0.25, 0.  , 0.25, 0.  , 0.  , 0.25,\n",
       "        0.  , 0.  , 0.  , 0.  ],\n",
       "       [0.  , 0.  , 0.  , 0.25, 0.  , 0.  , 0.25, 0.25, 0.  , 0.  , 0.  ,\n",
       "        0.25, 0.  , 0.  , 0.  ],\n",
       "       [0.  , 0.  , 0.  , 0.  , 0.25, 0.  , 0.  , 0.  , 0.25, 0.25, 0.  ,\n",
       "        0.  , 0.25, 0.  , 0.  ],\n",
       "       [0.  , 0.  , 0.  , 0.  , 0.  , 0.25, 0.  , 0.  , 0.25, 0.  , 0.25,\n",
       "        0.  , 0.  , 0.25, 0.  ],\n",
       "       [0.  , 0.  , 0.  , 0.  , 0.  , 0.  , 0.25, 0.  , 0.  , 0.25, 0.  ,\n",
       "        0.25, 0.  , 0.  , 0.25],\n",
       "       [0.25, 0.  , 0.  , 0.  , 0.  , 0.  , 0.  , 0.25, 0.  , 0.  , 0.25,\n",
       "        0.25, 0.  , 0.  , 0.  ],\n",
       "       [0.  , 0.  , 0.  , 0.  , 0.  , 0.  , 0.  , 0.  , 0.25, 0.  , 0.  ,\n",
       "        0.  , 0.5 , 0.25, 0.  ],\n",
       "       [0.  , 0.  , 0.  , 0.  , 0.  , 0.  , 0.  , 0.  , 0.  , 0.25, 0.  ,\n",
       "        0.  , 0.25, 0.25, 0.25],\n",
       "       [0.25, 0.  , 0.  , 0.  , 0.  , 0.  , 0.  , 0.  , 0.  , 0.  , 0.25,\n",
       "        0.  , 0.  , 0.25, 0.25]])"
      ]
     },
     "execution_count": 125,
     "metadata": {},
     "output_type": "execute_result"
    }
   ],
   "source": [
    "M"
   ]
  },
  {
   "cell_type": "code",
   "execution_count": 131,
   "metadata": {},
   "outputs": [],
   "source": [
    "sum = np.zeros((15,15))\n",
    "temp = M.copy()\n",
    "for i in range(1,1000):\n",
    "    sum += i * temp\n",
    "    temp = temp @ M"
   ]
  },
  {
   "cell_type": "code",
   "execution_count": 132,
   "metadata": {},
   "outputs": [
    {
     "data": {
      "text/plain": [
       "array([[ 0.        ,  0.        ,  0.        ,  0.        ,  0.        ,\n",
       "         0.        ,  0.        ,  0.        ,  0.        ,  0.        ,\n",
       "         0.        ,  0.        ,  0.        ,  0.        ,  0.        ],\n",
       "       [14.        , 14.67845067, 21.44828523, 23.36734694, 12.50498128,\n",
       "        17.52662722, 20.04081633, 20.1435515 , 17.3564485 , 17.95918367,\n",
       "        16.47337278, 12.99501872, 18.63265306, 17.05171477, 11.82154933],\n",
       "       [20.        , 21.44828523, 33.05850743, 37.70918367, 17.3564485 ,\n",
       "        25.02810651, 30.55102041, 31.93128849, 24.06871151, 25.44897959,\n",
       "        24.47189349, 20.1435515 , 25.79081633, 23.94149257, 17.05171477],\n",
       "       [22.        , 23.36734694, 37.70918367, 44.92346939, 18.63265306,\n",
       "        27.25      , 34.40816327, 37.70918367, 25.79081633, 27.59183673,\n",
       "        27.25      , 23.36734694, 27.57653061, 25.79081633, 18.63265306],\n",
       "       [14.        , 12.50498128, 17.3564485 , 18.63265306, 14.67845067,\n",
       "        17.52662722, 17.95918367, 17.05171477, 21.44828523, 20.04081633,\n",
       "        16.47337278, 11.82154933, 23.36734694, 20.1435515 , 12.99501872],\n",
       "       [18.        , 17.52662722, 25.02810651, 27.25      , 17.52662722,\n",
       "        22.62869822, 25.        , 24.47189349, 25.02810651, 25.        ,\n",
       "        21.87130178, 16.47337278, 27.25      , 24.47189349, 16.47337278],\n",
       "       [20.        , 20.04081633, 30.55102041, 34.40816327, 17.95918367,\n",
       "        25.        , 29.48979592, 30.55102041, 25.44897959, 26.51020408,\n",
       "        25.        , 20.04081633, 27.59183673, 25.44897959, 17.95918367],\n",
       "       [20.        , 20.1435515 , 31.93128849, 37.70918367, 17.05171477,\n",
       "        24.47189349, 30.55102041, 33.05850743, 23.94149257, 25.44897959,\n",
       "        25.02810651, 21.44828523, 25.79081633, 24.06871151, 17.3564485 ],\n",
       "       [20.        , 17.3564485 , 24.06871151, 25.79081633, 21.44828523,\n",
       "        25.02810651, 25.44897959, 23.94149257, 33.05850743, 30.55102041,\n",
       "        24.47189349, 17.05171477, 37.70918367, 31.93128849, 20.1435515 ],\n",
       "       [20.        , 17.95918367, 25.44897959, 27.59183673, 20.04081633,\n",
       "        25.        , 26.51020408, 25.44897959, 30.55102041, 29.48979592,\n",
       "        25.        , 17.95918367, 34.40816327, 30.55102041, 20.04081633],\n",
       "       [18.        , 16.47337278, 24.47189349, 27.25      , 16.47337278,\n",
       "        21.87130178, 25.        , 25.02810651, 24.47189349, 25.        ,\n",
       "        22.62869822, 17.52662722, 27.25      , 25.02810651, 17.52662722],\n",
       "       [14.        , 12.99501872, 20.1435515 , 23.36734694, 11.82154933,\n",
       "        16.47337278, 20.04081633, 21.44828523, 17.05171477, 17.95918367,\n",
       "        17.52662722, 14.67845067, 18.63265306, 17.3564485 , 12.50498128],\n",
       "       [22.        , 18.63265306, 25.79081633, 27.57653061, 23.36734694,\n",
       "        27.25      , 27.59183673, 25.79081633, 37.70918367, 34.40816327,\n",
       "        27.25      , 18.63265306, 44.92346939, 37.70918367, 23.36734694],\n",
       "       [20.        , 17.05171477, 23.94149257, 25.79081633, 20.1435515 ,\n",
       "        24.47189349, 25.44897959, 24.06871151, 31.93128849, 30.55102041,\n",
       "        25.02810651, 17.3564485 , 37.70918367, 33.05850743, 21.44828523],\n",
       "       [14.        , 11.82154933, 17.05171477, 18.63265306, 12.99501872,\n",
       "        16.47337278, 17.95918367, 17.3564485 , 20.1435515 , 20.04081633,\n",
       "        17.52662722, 12.50498128, 23.36734694, 21.44828523, 14.67845067]])"
      ]
     },
     "execution_count": 132,
     "metadata": {},
     "output_type": "execute_result"
    }
   ],
   "source": [
    "sum"
   ]
  },
  {
   "cell_type": "code",
   "execution_count": 133,
   "metadata": {},
   "outputs": [
    {
     "data": {
      "text/plain": [
       "array([ 0., 14., 20., 22., 14., 18., 20., 20., 20., 20., 18., 14., 22.,\n",
       "       20., 14.])"
      ]
     },
     "execution_count": 133,
     "metadata": {},
     "output_type": "execute_result"
    }
   ],
   "source": [
    "sum[:,0]"
   ]
  },
  {
   "cell_type": "code",
   "execution_count": null,
   "metadata": {},
   "outputs": [],
   "source": []
  }
 ],
 "metadata": {
  "kernelspec": {
   "display_name": "Python 3",
   "language": "python",
   "name": "python3"
  },
  "language_info": {
   "codemirror_mode": {
    "name": "ipython",
    "version": 3
   },
   "file_extension": ".py",
   "mimetype": "text/x-python",
   "name": "python",
   "nbconvert_exporter": "python",
   "pygments_lexer": "ipython3",
   "version": "3.7.6"
  }
 },
 "nbformat": 4,
 "nbformat_minor": 4
}
